0 15.116028100000001
1 1.4799007999999994
2 0.1815889999999989
3 0.1806763999999994
4 0.18179190000000034
5 0.1835741000000013
6 0.181550399999999
7 0.19342130000000068
8 0.1834585000000004
9 0.18399559999999937
10 0.18293650000000028
11 0.17977429999999828
12 0.1854174999999998
13 0.18056310000000053
14 0.17969330000000028
15 0.17909410000000037
16 1.153290799999997
17 0.22342680000000215
18 0.22248420000000024
19 0.22566929999999985
20 0.22415050000000036
21 0.22614759999999734
22 0.22566469999999939
23 0.2250622
24 0.2253740999999998
25 0.22681679999999815
26 0.22620020000000096
27 0.2255681999999979
28 0.2300046000000009
29 0.22827459999999888
30 0.2269030999999977
31 0.22967159999999964
32 0.22509840000000025
33 0.22743180000000152
34 0.2300368000000006
35 0.22468759999999932
36 0.22641510000000054
37 0.22616419999999948
38 0.22473169999999953
39 0.2256783999999996
40 0.22562180000000254
41 0.22506410000000088
42 0.23000249999999767
43 0.23147559999999956
44 0.26632490000000075
45 0.2608145999999998
46 0.26081290000000124
47 0.28704660000000004
48 0.2864951999999974
49 0.2842341000000026
50 0.28584180000000003
51 0.286507499999999
52 0.2861027000000007
53 0.2846377000000011
54 0.2855265999999972
55 0.310604399999999
56 0.3150353999999993
57 0.31224339999999984
58 0.3106928999999994
59 0.3111803000000002
60 0.30839029999999923
61 0.3072259000000024
62 0.3035926999999994
63 0.30563580000000456
64 0.3094594000000015
65 0.3084999999999951
66 0.33463079999999934
67 0.37715459999999723
68 0.35029169999999965
69 0.3523673000000045
70 0.3474568999999974
71 0.34657580000000365
72 0.3707485999999989
73 0.3715463999999997
74 0.3736564999999956
75 0.3776060000000001
76 0.37394820000000095
77 0.37953540000000174
78 0.3745094000000009
79 0.3651059000000032
80 0.3694076000000024
81 0.372562699999996
82 0.3732523000000043
83 0.39327770000000584
84 0.41811410000000393
85 0.4193482000000017
86 0.4199108000000038
87 0.42393630000000115
88 0.4229945000000015
89 0.41923349999999715
90 0.44869500000000073
91 0.4491761000000025
92 0.4442161999999996
93 0.45712350000000157
94 0.4508003000000045
95 0.4464936000000037
96 0.4456056000000004
97 0.445455299999999
98 0.49339670000000524
99 0.5000365000000002
100 0.4923201000000006
101 0.4980479000000031
102 0.49563619999999986
103 0.45173000000000485
104 0.42785639999999603
105 0.42815250000000304
106 0.47397250000000213
107 0.48717979999999983
108 0.4888243999999986
109 0.5199289999999976
110 0.520153999999998
111 0.5279019000000034
112 0.5341971000000001
113 0.5701979000000037
114 0.5544711999999947
115 0.5819469999999995
116 0.5782151000000013
117 0.5993658000000011
118 0.6010549000000012
119 0.5981876999999969
120 0.6119886999999977
121 0.6174886999999956
122 0.6150763999999995
123 0.618781999999996
124 0.6504322000000045
125 0.6394587999999999
126 0.6317258999999993
127 0.6280450000000002
128 0.6415701999999968
129 0.6339067999999983
130 0.6520889000000025
131 0.6596828000000059
132 0.6870038999999935
133 0.6775664000000035
134 0.7233238000000028
135 0.7151203999999893
136 0.7229422999999997
137 0.7606614000000036
138 0.759330300000002
139 0.760786699999997
140 0.7596589999999992
141 0.7606909999999942
142 0.7637754000000001
143 0.7312095999999997
144 0.7355325999999991
145 0.7316759999999931
146 0.7351089999999942
147 0.7666612999999955
148 0.7723232000000024
149 0.7752995999999968
150 0.7710835000000031
151 0.7994116999999932
152 0.7805531000000059
153 0.7792091999999968
154 0.7801867999999956
155 0.7186087999999984
156 0.718586099999996
157 0.7102316999999942
158 0.7137596999999971
159 0.7210275999999993
160 0.7184441999999933
161 0.7149160999999964
162 0.7203137999999996
163 0.7108114999999913
164 0.7016550000000024
165 0.6687186999999994
166 0.6527956999999986
167 0.671365300000005
168 0.6928300999999948
169 0.6903380999999911
170 0.704601100000005
171 0.6985236999999955
172 0.7010851000000002
173 0.7397234000000026
174 0.7183967999999936
175 0.7217950000000002
176 0.7218106999999918
177 0.6984482000000014
178 0.6979319999999944
179 0.6993760000000009
180 0.6919636000000082
181 0.6828690000000108
182 0.6841356000000047
183 0.6584598000000028
184 0.6578222000000125
185 0.6575359000000134
186 0.6627954000000074
187 0.6452855
188 0.6418628999999925
189 0.6293845000000005
190 0.6257665999999915
191 0.6364114999999941
192 0.6218000000000075
193 0.6247924999999981
194 0.6016300999999942
195 0.5991515000000049
196 0.5741502000000054
197 0.5740371000000124
198 0.5773638999999946
199 0.5769886000000071
200 0.6045052000000055